{
 "cells": [
  {
   "cell_type": "code",
   "execution_count": 1,
   "metadata": {},
   "outputs": [
    {
     "name": "stdout",
     "output_type": "stream",
     "text": [
      "Lab 3: Building a predictive model\n"
     ]
    }
   ],
   "source": [
    "print(\"Lab 3: Building a predictive model\")"
   ]
  },
  {
   "cell_type": "markdown",
   "metadata": {},
   "source": [
    "### Importing all necessaty python libraries\n"
   ]
  },
  {
   "cell_type": "code",
   "execution_count": 4,
   "metadata": {},
   "outputs": [],
   "source": [
    "import pandas as pd\n",
    "import numpy as np\n",
    "import matplotlib.pyplot as plt\n",
    "import seaborn as sns\n",
    "from sklearn import model_selection\n",
    "from sklearn.linear_model import LogisticRegression\n",
    "from sklearn.model_selection import train_test_split\n"
   ]
  },
  {
   "cell_type": "markdown",
   "metadata": {},
   "source": [
    "### Reading the dataset"
   ]
  },
  {
   "cell_type": "code",
   "execution_count": 6,
   "metadata": {},
   "outputs": [
    {
     "data": {
      "text/html": [
       "<div>\n",
       "<style scoped>\n",
       "    .dataframe tbody tr th:only-of-type {\n",
       "        vertical-align: middle;\n",
       "    }\n",
       "\n",
       "    .dataframe tbody tr th {\n",
       "        vertical-align: top;\n",
       "    }\n",
       "\n",
       "    .dataframe thead th {\n",
       "        text-align: right;\n",
       "    }\n",
       "</style>\n",
       "<table border=\"1\" class=\"dataframe\">\n",
       "  <thead>\n",
       "    <tr style=\"text-align: right;\">\n",
       "      <th></th>\n",
       "      <th>SUBDIVISION</th>\n",
       "      <th>YEAR</th>\n",
       "      <th>JAN</th>\n",
       "      <th>FEB</th>\n",
       "      <th>MAR</th>\n",
       "      <th>APR</th>\n",
       "      <th>MAY</th>\n",
       "      <th>JUN</th>\n",
       "      <th>JUL</th>\n",
       "      <th>AUG</th>\n",
       "      <th>SEP</th>\n",
       "      <th>OCT</th>\n",
       "      <th>NOV</th>\n",
       "      <th>DEC</th>\n",
       "      <th>ANNUAL RAINFALL</th>\n",
       "      <th>FLOODS</th>\n",
       "    </tr>\n",
       "  </thead>\n",
       "  <tbody>\n",
       "    <tr>\n",
       "      <th>0</th>\n",
       "      <td>KERALA</td>\n",
       "      <td>1901</td>\n",
       "      <td>28.7</td>\n",
       "      <td>44.7</td>\n",
       "      <td>51.6</td>\n",
       "      <td>160.0</td>\n",
       "      <td>174.7</td>\n",
       "      <td>824.6</td>\n",
       "      <td>743.0</td>\n",
       "      <td>357.5</td>\n",
       "      <td>197.7</td>\n",
       "      <td>266.9</td>\n",
       "      <td>350.8</td>\n",
       "      <td>48.4</td>\n",
       "      <td>3248.6</td>\n",
       "      <td>YES</td>\n",
       "    </tr>\n",
       "    <tr>\n",
       "      <th>1</th>\n",
       "      <td>KERALA</td>\n",
       "      <td>1902</td>\n",
       "      <td>6.7</td>\n",
       "      <td>2.6</td>\n",
       "      <td>57.3</td>\n",
       "      <td>83.9</td>\n",
       "      <td>134.5</td>\n",
       "      <td>390.9</td>\n",
       "      <td>1205.0</td>\n",
       "      <td>315.8</td>\n",
       "      <td>491.6</td>\n",
       "      <td>358.4</td>\n",
       "      <td>158.3</td>\n",
       "      <td>121.5</td>\n",
       "      <td>3326.6</td>\n",
       "      <td>YES</td>\n",
       "    </tr>\n",
       "    <tr>\n",
       "      <th>2</th>\n",
       "      <td>KERALA</td>\n",
       "      <td>1903</td>\n",
       "      <td>3.2</td>\n",
       "      <td>18.6</td>\n",
       "      <td>3.1</td>\n",
       "      <td>83.6</td>\n",
       "      <td>249.7</td>\n",
       "      <td>558.6</td>\n",
       "      <td>1022.5</td>\n",
       "      <td>420.2</td>\n",
       "      <td>341.8</td>\n",
       "      <td>354.1</td>\n",
       "      <td>157.0</td>\n",
       "      <td>59.0</td>\n",
       "      <td>3271.2</td>\n",
       "      <td>YES</td>\n",
       "    </tr>\n",
       "    <tr>\n",
       "      <th>3</th>\n",
       "      <td>KERALA</td>\n",
       "      <td>1904</td>\n",
       "      <td>23.7</td>\n",
       "      <td>3.0</td>\n",
       "      <td>32.2</td>\n",
       "      <td>71.5</td>\n",
       "      <td>235.7</td>\n",
       "      <td>1098.2</td>\n",
       "      <td>725.5</td>\n",
       "      <td>351.8</td>\n",
       "      <td>222.7</td>\n",
       "      <td>328.1</td>\n",
       "      <td>33.9</td>\n",
       "      <td>3.3</td>\n",
       "      <td>3129.7</td>\n",
       "      <td>YES</td>\n",
       "    </tr>\n",
       "    <tr>\n",
       "      <th>4</th>\n",
       "      <td>KERALA</td>\n",
       "      <td>1905</td>\n",
       "      <td>1.2</td>\n",
       "      <td>22.3</td>\n",
       "      <td>9.4</td>\n",
       "      <td>105.9</td>\n",
       "      <td>263.3</td>\n",
       "      <td>850.2</td>\n",
       "      <td>520.5</td>\n",
       "      <td>293.6</td>\n",
       "      <td>217.2</td>\n",
       "      <td>383.5</td>\n",
       "      <td>74.4</td>\n",
       "      <td>0.2</td>\n",
       "      <td>2741.6</td>\n",
       "      <td>NO</td>\n",
       "    </tr>\n",
       "  </tbody>\n",
       "</table>\n",
       "</div>"
      ],
      "text/plain": [
       "  SUBDIVISION  YEAR   JAN   FEB   MAR    APR    MAY     JUN     JUL    AUG   \n",
       "0      KERALA  1901  28.7  44.7  51.6  160.0  174.7   824.6   743.0  357.5  \\\n",
       "1      KERALA  1902   6.7   2.6  57.3   83.9  134.5   390.9  1205.0  315.8   \n",
       "2      KERALA  1903   3.2  18.6   3.1   83.6  249.7   558.6  1022.5  420.2   \n",
       "3      KERALA  1904  23.7   3.0  32.2   71.5  235.7  1098.2   725.5  351.8   \n",
       "4      KERALA  1905   1.2  22.3   9.4  105.9  263.3   850.2   520.5  293.6   \n",
       "\n",
       "     SEP    OCT    NOV    DEC   ANNUAL RAINFALL FLOODS  \n",
       "0  197.7  266.9  350.8   48.4            3248.6    YES  \n",
       "1  491.6  358.4  158.3  121.5            3326.6    YES  \n",
       "2  341.8  354.1  157.0   59.0            3271.2    YES  \n",
       "3  222.7  328.1   33.9    3.3            3129.7    YES  \n",
       "4  217.2  383.5   74.4    0.2            2741.6     NO  "
      ]
     },
     "execution_count": 6,
     "metadata": {},
     "output_type": "execute_result"
    }
   ],
   "source": [
    "df = pd.read_csv(\"kerala.csv\")\n",
    "df.head(5)   #showing top 5 data from the dataset"
   ]
  },
  {
   "cell_type": "markdown",
   "metadata": {},
   "source": [
    "### Exploring the dataset"
   ]
  },
  {
   "cell_type": "code",
   "execution_count": 7,
   "metadata": {},
   "outputs": [
    {
     "name": "stdout",
     "output_type": "stream",
     "text": [
      "<class 'pandas.core.frame.DataFrame'>\n",
      "RangeIndex: 118 entries, 0 to 117\n",
      "Data columns (total 16 columns):\n",
      " #   Column            Non-Null Count  Dtype  \n",
      "---  ------            --------------  -----  \n",
      " 0   SUBDIVISION       118 non-null    object \n",
      " 1   YEAR              118 non-null    int64  \n",
      " 2   JAN               118 non-null    float64\n",
      " 3   FEB               118 non-null    float64\n",
      " 4   MAR               118 non-null    float64\n",
      " 5   APR               118 non-null    float64\n",
      " 6   MAY               118 non-null    float64\n",
      " 7   JUN               118 non-null    float64\n",
      " 8   JUL               118 non-null    float64\n",
      " 9   AUG               118 non-null    float64\n",
      " 10  SEP               118 non-null    float64\n",
      " 11  OCT               118 non-null    float64\n",
      " 12  NOV               118 non-null    float64\n",
      " 13  DEC               118 non-null    float64\n",
      " 14   ANNUAL RAINFALL  118 non-null    float64\n",
      " 15  FLOODS            118 non-null    object \n",
      "dtypes: float64(13), int64(1), object(2)\n",
      "memory usage: 14.9+ KB\n"
     ]
    }
   ],
   "source": [
    "df.info()  #shows the data type of each column, number of columns, memory usage and the number of records\n"
   ]
  },
  {
   "cell_type": "code",
   "execution_count": 8,
   "metadata": {},
   "outputs": [
    {
     "data": {
      "text/plain": [
       "(118, 16)"
      ]
     },
     "execution_count": 8,
     "metadata": {},
     "output_type": "execute_result"
    }
   ],
   "source": [
    "df.shape  #displays the number of records and columns"
   ]
  },
  {
   "cell_type": "code",
   "execution_count": 9,
   "metadata": {},
   "outputs": [
    {
     "data": {
      "text/html": [
       "<div>\n",
       "<style scoped>\n",
       "    .dataframe tbody tr th:only-of-type {\n",
       "        vertical-align: middle;\n",
       "    }\n",
       "\n",
       "    .dataframe tbody tr th {\n",
       "        vertical-align: top;\n",
       "    }\n",
       "\n",
       "    .dataframe thead th {\n",
       "        text-align: right;\n",
       "    }\n",
       "</style>\n",
       "<table border=\"1\" class=\"dataframe\">\n",
       "  <thead>\n",
       "    <tr style=\"text-align: right;\">\n",
       "      <th></th>\n",
       "      <th>YEAR</th>\n",
       "      <th>JAN</th>\n",
       "      <th>FEB</th>\n",
       "      <th>MAR</th>\n",
       "      <th>APR</th>\n",
       "      <th>MAY</th>\n",
       "      <th>JUN</th>\n",
       "      <th>JUL</th>\n",
       "      <th>AUG</th>\n",
       "      <th>SEP</th>\n",
       "      <th>OCT</th>\n",
       "      <th>NOV</th>\n",
       "      <th>DEC</th>\n",
       "      <th>ANNUAL RAINFALL</th>\n",
       "    </tr>\n",
       "  </thead>\n",
       "  <tbody>\n",
       "    <tr>\n",
       "      <th>count</th>\n",
       "      <td>118.000000</td>\n",
       "      <td>118.000000</td>\n",
       "      <td>118.000000</td>\n",
       "      <td>118.000000</td>\n",
       "      <td>118.000000</td>\n",
       "      <td>118.000000</td>\n",
       "      <td>118.000000</td>\n",
       "      <td>118.000000</td>\n",
       "      <td>118.000000</td>\n",
       "      <td>118.000000</td>\n",
       "      <td>118.000000</td>\n",
       "      <td>118.000000</td>\n",
       "      <td>118.000000</td>\n",
       "      <td>118.000000</td>\n",
       "    </tr>\n",
       "    <tr>\n",
       "      <th>mean</th>\n",
       "      <td>1959.500000</td>\n",
       "      <td>12.218644</td>\n",
       "      <td>15.633898</td>\n",
       "      <td>36.670339</td>\n",
       "      <td>110.330508</td>\n",
       "      <td>228.644915</td>\n",
       "      <td>651.617797</td>\n",
       "      <td>698.220339</td>\n",
       "      <td>430.369492</td>\n",
       "      <td>246.207627</td>\n",
       "      <td>293.207627</td>\n",
       "      <td>162.311017</td>\n",
       "      <td>40.009322</td>\n",
       "      <td>2925.405085</td>\n",
       "    </tr>\n",
       "    <tr>\n",
       "      <th>std</th>\n",
       "      <td>34.207699</td>\n",
       "      <td>15.473766</td>\n",
       "      <td>16.406290</td>\n",
       "      <td>30.063862</td>\n",
       "      <td>44.633452</td>\n",
       "      <td>147.548778</td>\n",
       "      <td>186.181363</td>\n",
       "      <td>228.988966</td>\n",
       "      <td>181.980463</td>\n",
       "      <td>121.901131</td>\n",
       "      <td>93.705253</td>\n",
       "      <td>83.200485</td>\n",
       "      <td>36.676330</td>\n",
       "      <td>452.169407</td>\n",
       "    </tr>\n",
       "    <tr>\n",
       "      <th>min</th>\n",
       "      <td>1901.000000</td>\n",
       "      <td>0.000000</td>\n",
       "      <td>0.000000</td>\n",
       "      <td>0.100000</td>\n",
       "      <td>13.100000</td>\n",
       "      <td>53.400000</td>\n",
       "      <td>196.800000</td>\n",
       "      <td>167.500000</td>\n",
       "      <td>178.600000</td>\n",
       "      <td>41.300000</td>\n",
       "      <td>68.500000</td>\n",
       "      <td>31.500000</td>\n",
       "      <td>0.100000</td>\n",
       "      <td>2068.800000</td>\n",
       "    </tr>\n",
       "    <tr>\n",
       "      <th>25%</th>\n",
       "      <td>1930.250000</td>\n",
       "      <td>2.175000</td>\n",
       "      <td>4.700000</td>\n",
       "      <td>18.100000</td>\n",
       "      <td>74.350000</td>\n",
       "      <td>125.050000</td>\n",
       "      <td>535.550000</td>\n",
       "      <td>533.200000</td>\n",
       "      <td>316.725000</td>\n",
       "      <td>155.425000</td>\n",
       "      <td>222.125000</td>\n",
       "      <td>93.025000</td>\n",
       "      <td>10.350000</td>\n",
       "      <td>2613.525000</td>\n",
       "    </tr>\n",
       "    <tr>\n",
       "      <th>50%</th>\n",
       "      <td>1959.500000</td>\n",
       "      <td>5.800000</td>\n",
       "      <td>8.350000</td>\n",
       "      <td>28.400000</td>\n",
       "      <td>110.400000</td>\n",
       "      <td>184.600000</td>\n",
       "      <td>625.600000</td>\n",
       "      <td>691.650000</td>\n",
       "      <td>386.250000</td>\n",
       "      <td>223.550000</td>\n",
       "      <td>284.300000</td>\n",
       "      <td>152.450000</td>\n",
       "      <td>31.100000</td>\n",
       "      <td>2934.300000</td>\n",
       "    </tr>\n",
       "    <tr>\n",
       "      <th>75%</th>\n",
       "      <td>1988.750000</td>\n",
       "      <td>18.175000</td>\n",
       "      <td>21.400000</td>\n",
       "      <td>49.825000</td>\n",
       "      <td>136.450000</td>\n",
       "      <td>264.875000</td>\n",
       "      <td>786.975000</td>\n",
       "      <td>832.425000</td>\n",
       "      <td>500.100000</td>\n",
       "      <td>334.500000</td>\n",
       "      <td>355.150000</td>\n",
       "      <td>218.325000</td>\n",
       "      <td>54.025000</td>\n",
       "      <td>3170.400000</td>\n",
       "    </tr>\n",
       "    <tr>\n",
       "      <th>max</th>\n",
       "      <td>2018.000000</td>\n",
       "      <td>83.500000</td>\n",
       "      <td>79.000000</td>\n",
       "      <td>217.200000</td>\n",
       "      <td>238.000000</td>\n",
       "      <td>738.800000</td>\n",
       "      <td>1098.200000</td>\n",
       "      <td>1526.500000</td>\n",
       "      <td>1398.900000</td>\n",
       "      <td>526.700000</td>\n",
       "      <td>567.900000</td>\n",
       "      <td>365.600000</td>\n",
       "      <td>202.300000</td>\n",
       "      <td>4473.000000</td>\n",
       "    </tr>\n",
       "  </tbody>\n",
       "</table>\n",
       "</div>"
      ],
      "text/plain": [
       "              YEAR         JAN         FEB         MAR         APR   \n",
       "count   118.000000  118.000000  118.000000  118.000000  118.000000  \\\n",
       "mean   1959.500000   12.218644   15.633898   36.670339  110.330508   \n",
       "std      34.207699   15.473766   16.406290   30.063862   44.633452   \n",
       "min    1901.000000    0.000000    0.000000    0.100000   13.100000   \n",
       "25%    1930.250000    2.175000    4.700000   18.100000   74.350000   \n",
       "50%    1959.500000    5.800000    8.350000   28.400000  110.400000   \n",
       "75%    1988.750000   18.175000   21.400000   49.825000  136.450000   \n",
       "max    2018.000000   83.500000   79.000000  217.200000  238.000000   \n",
       "\n",
       "              MAY          JUN          JUL          AUG         SEP   \n",
       "count  118.000000   118.000000   118.000000   118.000000  118.000000  \\\n",
       "mean   228.644915   651.617797   698.220339   430.369492  246.207627   \n",
       "std    147.548778   186.181363   228.988966   181.980463  121.901131   \n",
       "min     53.400000   196.800000   167.500000   178.600000   41.300000   \n",
       "25%    125.050000   535.550000   533.200000   316.725000  155.425000   \n",
       "50%    184.600000   625.600000   691.650000   386.250000  223.550000   \n",
       "75%    264.875000   786.975000   832.425000   500.100000  334.500000   \n",
       "max    738.800000  1098.200000  1526.500000  1398.900000  526.700000   \n",
       "\n",
       "              OCT         NOV         DEC   ANNUAL RAINFALL  \n",
       "count  118.000000  118.000000  118.000000        118.000000  \n",
       "mean   293.207627  162.311017   40.009322       2925.405085  \n",
       "std     93.705253   83.200485   36.676330        452.169407  \n",
       "min     68.500000   31.500000    0.100000       2068.800000  \n",
       "25%    222.125000   93.025000   10.350000       2613.525000  \n",
       "50%    284.300000  152.450000   31.100000       2934.300000  \n",
       "75%    355.150000  218.325000   54.025000       3170.400000  \n",
       "max    567.900000  365.600000  202.300000       4473.000000  "
      ]
     },
     "execution_count": 9,
     "metadata": {},
     "output_type": "execute_result"
    }
   ],
   "source": [
    "df.describe() # summarizes the dataset's statistical properties (count, mean, min, max)"
   ]
  },
  {
   "cell_type": "code",
   "execution_count": 11,
   "metadata": {},
   "outputs": [
    {
     "data": {
      "text/html": [
       "<div>\n",
       "<style scoped>\n",
       "    .dataframe tbody tr th:only-of-type {\n",
       "        vertical-align: middle;\n",
       "    }\n",
       "\n",
       "    .dataframe tbody tr th {\n",
       "        vertical-align: top;\n",
       "    }\n",
       "\n",
       "    .dataframe thead th {\n",
       "        text-align: right;\n",
       "    }\n",
       "</style>\n",
       "<table border=\"1\" class=\"dataframe\">\n",
       "  <thead>\n",
       "    <tr style=\"text-align: right;\">\n",
       "      <th></th>\n",
       "      <th>SUBDIVISION</th>\n",
       "      <th>YEAR</th>\n",
       "      <th>JAN</th>\n",
       "      <th>FEB</th>\n",
       "      <th>MAR</th>\n",
       "      <th>APR</th>\n",
       "      <th>MAY</th>\n",
       "      <th>JUN</th>\n",
       "      <th>JUL</th>\n",
       "      <th>AUG</th>\n",
       "      <th>SEP</th>\n",
       "      <th>OCT</th>\n",
       "      <th>NOV</th>\n",
       "      <th>DEC</th>\n",
       "      <th>ANNUAL RAINFALL</th>\n",
       "      <th>FLOODS</th>\n",
       "    </tr>\n",
       "  </thead>\n",
       "  <tbody>\n",
       "    <tr>\n",
       "      <th>SUBDIVISION</th>\n",
       "      <td>1.000000</td>\n",
       "      <td>0.156063</td>\n",
       "      <td>-0.061913</td>\n",
       "      <td>-0.049992</td>\n",
       "      <td>-0.085761</td>\n",
       "      <td>-0.138809</td>\n",
       "      <td>-0.034700</td>\n",
       "      <td>-0.076356</td>\n",
       "      <td>-0.153513</td>\n",
       "      <td>0.051749</td>\n",
       "      <td>-0.027958</td>\n",
       "      <td>-0.099881</td>\n",
       "      <td>-0.077903</td>\n",
       "      <td>-0.004833</td>\n",
       "      <td>-0.165970</td>\n",
       "      <td>-0.094030</td>\n",
       "    </tr>\n",
       "    <tr>\n",
       "      <th>YEAR</th>\n",
       "      <td>0.156063</td>\n",
       "      <td>1.000000</td>\n",
       "      <td>-0.225531</td>\n",
       "      <td>0.003879</td>\n",
       "      <td>-0.012842</td>\n",
       "      <td>0.086865</td>\n",
       "      <td>-0.059661</td>\n",
       "      <td>-0.174938</td>\n",
       "      <td>-0.223403</td>\n",
       "      <td>0.044173</td>\n",
       "      <td>0.107655</td>\n",
       "      <td>-0.030223</td>\n",
       "      <td>-0.130129</td>\n",
       "      <td>-0.123643</td>\n",
       "      <td>-0.198048</td>\n",
       "      <td>-0.202548</td>\n",
       "    </tr>\n",
       "    <tr>\n",
       "      <th>JAN</th>\n",
       "      <td>-0.061913</td>\n",
       "      <td>-0.225531</td>\n",
       "      <td>1.000000</td>\n",
       "      <td>0.019613</td>\n",
       "      <td>0.078626</td>\n",
       "      <td>0.034807</td>\n",
       "      <td>0.071420</td>\n",
       "      <td>0.189375</td>\n",
       "      <td>0.034423</td>\n",
       "      <td>0.008677</td>\n",
       "      <td>-0.113502</td>\n",
       "      <td>-0.035044</td>\n",
       "      <td>-0.011034</td>\n",
       "      <td>-0.089809</td>\n",
       "      <td>0.118648</td>\n",
       "      <td>0.145313</td>\n",
       "    </tr>\n",
       "    <tr>\n",
       "      <th>FEB</th>\n",
       "      <td>-0.049992</td>\n",
       "      <td>0.003879</td>\n",
       "      <td>0.019613</td>\n",
       "      <td>1.000000</td>\n",
       "      <td>0.245375</td>\n",
       "      <td>0.123706</td>\n",
       "      <td>-0.083500</td>\n",
       "      <td>0.054114</td>\n",
       "      <td>0.005789</td>\n",
       "      <td>0.023259</td>\n",
       "      <td>0.066317</td>\n",
       "      <td>0.053133</td>\n",
       "      <td>-0.162880</td>\n",
       "      <td>-0.127025</td>\n",
       "      <td>0.061457</td>\n",
       "      <td>-0.035730</td>\n",
       "    </tr>\n",
       "    <tr>\n",
       "      <th>MAR</th>\n",
       "      <td>-0.085761</td>\n",
       "      <td>-0.012842</td>\n",
       "      <td>0.078626</td>\n",
       "      <td>0.245375</td>\n",
       "      <td>1.000000</td>\n",
       "      <td>0.074014</td>\n",
       "      <td>-0.102961</td>\n",
       "      <td>0.019000</td>\n",
       "      <td>0.018330</td>\n",
       "      <td>0.042411</td>\n",
       "      <td>0.143850</td>\n",
       "      <td>-0.023066</td>\n",
       "      <td>-0.032612</td>\n",
       "      <td>0.026292</td>\n",
       "      <td>0.116103</td>\n",
       "      <td>0.086739</td>\n",
       "    </tr>\n",
       "    <tr>\n",
       "      <th>APR</th>\n",
       "      <td>-0.138809</td>\n",
       "      <td>0.086865</td>\n",
       "      <td>0.034807</td>\n",
       "      <td>0.123706</td>\n",
       "      <td>0.074014</td>\n",
       "      <td>1.000000</td>\n",
       "      <td>-0.114566</td>\n",
       "      <td>0.072990</td>\n",
       "      <td>0.014977</td>\n",
       "      <td>-0.047842</td>\n",
       "      <td>0.012928</td>\n",
       "      <td>0.113172</td>\n",
       "      <td>0.022206</td>\n",
       "      <td>-0.110392</td>\n",
       "      <td>0.112358</td>\n",
       "      <td>0.034392</td>\n",
       "    </tr>\n",
       "    <tr>\n",
       "      <th>MAY</th>\n",
       "      <td>-0.034700</td>\n",
       "      <td>-0.059661</td>\n",
       "      <td>0.071420</td>\n",
       "      <td>-0.083500</td>\n",
       "      <td>-0.102961</td>\n",
       "      <td>-0.114566</td>\n",
       "      <td>1.000000</td>\n",
       "      <td>0.001235</td>\n",
       "      <td>-0.046518</td>\n",
       "      <td>-0.124412</td>\n",
       "      <td>0.116860</td>\n",
       "      <td>0.197102</td>\n",
       "      <td>0.094934</td>\n",
       "      <td>-0.118077</td>\n",
       "      <td>0.314723</td>\n",
       "      <td>0.242813</td>\n",
       "    </tr>\n",
       "    <tr>\n",
       "      <th>JUN</th>\n",
       "      <td>-0.076356</td>\n",
       "      <td>-0.174938</td>\n",
       "      <td>0.189375</td>\n",
       "      <td>0.054114</td>\n",
       "      <td>0.019000</td>\n",
       "      <td>0.072990</td>\n",
       "      <td>0.001235</td>\n",
       "      <td>1.000000</td>\n",
       "      <td>0.094939</td>\n",
       "      <td>-0.014549</td>\n",
       "      <td>-0.052634</td>\n",
       "      <td>0.001156</td>\n",
       "      <td>0.015967</td>\n",
       "      <td>-0.085188</td>\n",
       "      <td>0.453407</td>\n",
       "      <td>0.442531</td>\n",
       "    </tr>\n",
       "    <tr>\n",
       "      <th>JUL</th>\n",
       "      <td>-0.153513</td>\n",
       "      <td>-0.223403</td>\n",
       "      <td>0.034423</td>\n",
       "      <td>0.005789</td>\n",
       "      <td>0.018330</td>\n",
       "      <td>0.014977</td>\n",
       "      <td>-0.046518</td>\n",
       "      <td>0.094939</td>\n",
       "      <td>1.000000</td>\n",
       "      <td>0.154467</td>\n",
       "      <td>0.209441</td>\n",
       "      <td>0.025223</td>\n",
       "      <td>-0.028526</td>\n",
       "      <td>-0.013573</td>\n",
       "      <td>0.651990</td>\n",
       "      <td>0.442774</td>\n",
       "    </tr>\n",
       "    <tr>\n",
       "      <th>AUG</th>\n",
       "      <td>0.051749</td>\n",
       "      <td>0.044173</td>\n",
       "      <td>0.008677</td>\n",
       "      <td>0.023259</td>\n",
       "      <td>0.042411</td>\n",
       "      <td>-0.047842</td>\n",
       "      <td>-0.124412</td>\n",
       "      <td>-0.014549</td>\n",
       "      <td>0.154467</td>\n",
       "      <td>1.000000</td>\n",
       "      <td>0.098215</td>\n",
       "      <td>-0.181496</td>\n",
       "      <td>-0.112729</td>\n",
       "      <td>0.142090</td>\n",
       "      <td>0.413036</td>\n",
       "      <td>0.286690</td>\n",
       "    </tr>\n",
       "    <tr>\n",
       "      <th>SEP</th>\n",
       "      <td>-0.027958</td>\n",
       "      <td>0.107655</td>\n",
       "      <td>-0.113502</td>\n",
       "      <td>0.066317</td>\n",
       "      <td>0.143850</td>\n",
       "      <td>0.012928</td>\n",
       "      <td>0.116860</td>\n",
       "      <td>-0.052634</td>\n",
       "      <td>0.209441</td>\n",
       "      <td>0.098215</td>\n",
       "      <td>1.000000</td>\n",
       "      <td>-0.032348</td>\n",
       "      <td>-0.027615</td>\n",
       "      <td>-0.011007</td>\n",
       "      <td>0.428344</td>\n",
       "      <td>0.376385</td>\n",
       "    </tr>\n",
       "    <tr>\n",
       "      <th>OCT</th>\n",
       "      <td>-0.099881</td>\n",
       "      <td>-0.030223</td>\n",
       "      <td>-0.035044</td>\n",
       "      <td>0.053133</td>\n",
       "      <td>-0.023066</td>\n",
       "      <td>0.113172</td>\n",
       "      <td>0.197102</td>\n",
       "      <td>0.001156</td>\n",
       "      <td>0.025223</td>\n",
       "      <td>-0.181496</td>\n",
       "      <td>-0.032348</td>\n",
       "      <td>1.000000</td>\n",
       "      <td>-0.024060</td>\n",
       "      <td>-0.039067</td>\n",
       "      <td>0.205861</td>\n",
       "      <td>0.060088</td>\n",
       "    </tr>\n",
       "    <tr>\n",
       "      <th>NOV</th>\n",
       "      <td>-0.077903</td>\n",
       "      <td>-0.130129</td>\n",
       "      <td>-0.011034</td>\n",
       "      <td>-0.162880</td>\n",
       "      <td>-0.032612</td>\n",
       "      <td>0.022206</td>\n",
       "      <td>0.094934</td>\n",
       "      <td>0.015967</td>\n",
       "      <td>-0.028526</td>\n",
       "      <td>-0.112729</td>\n",
       "      <td>-0.027615</td>\n",
       "      <td>-0.024060</td>\n",
       "      <td>1.000000</td>\n",
       "      <td>0.070720</td>\n",
       "      <td>0.148783</td>\n",
       "      <td>0.238852</td>\n",
       "    </tr>\n",
       "    <tr>\n",
       "      <th>DEC</th>\n",
       "      <td>-0.004833</td>\n",
       "      <td>-0.123643</td>\n",
       "      <td>-0.089809</td>\n",
       "      <td>-0.127025</td>\n",
       "      <td>0.026292</td>\n",
       "      <td>-0.110392</td>\n",
       "      <td>-0.118077</td>\n",
       "      <td>-0.085188</td>\n",
       "      <td>-0.013573</td>\n",
       "      <td>0.142090</td>\n",
       "      <td>-0.011007</td>\n",
       "      <td>-0.039067</td>\n",
       "      <td>0.070720</td>\n",
       "      <td>1.000000</td>\n",
       "      <td>0.042967</td>\n",
       "      <td>0.054326</td>\n",
       "    </tr>\n",
       "    <tr>\n",
       "      <th>ANNUAL RAINFALL</th>\n",
       "      <td>-0.165970</td>\n",
       "      <td>-0.198048</td>\n",
       "      <td>0.118648</td>\n",
       "      <td>0.061457</td>\n",
       "      <td>0.116103</td>\n",
       "      <td>0.112358</td>\n",
       "      <td>0.314723</td>\n",
       "      <td>0.453407</td>\n",
       "      <td>0.651990</td>\n",
       "      <td>0.413036</td>\n",
       "      <td>0.428344</td>\n",
       "      <td>0.205861</td>\n",
       "      <td>0.148783</td>\n",
       "      <td>0.042967</td>\n",
       "      <td>1.000000</td>\n",
       "      <td>0.776231</td>\n",
       "    </tr>\n",
       "    <tr>\n",
       "      <th>FLOODS</th>\n",
       "      <td>-0.094030</td>\n",
       "      <td>-0.202548</td>\n",
       "      <td>0.145313</td>\n",
       "      <td>-0.035730</td>\n",
       "      <td>0.086739</td>\n",
       "      <td>0.034392</td>\n",
       "      <td>0.242813</td>\n",
       "      <td>0.442531</td>\n",
       "      <td>0.442774</td>\n",
       "      <td>0.286690</td>\n",
       "      <td>0.376385</td>\n",
       "      <td>0.060088</td>\n",
       "      <td>0.238852</td>\n",
       "      <td>0.054326</td>\n",
       "      <td>0.776231</td>\n",
       "      <td>1.000000</td>\n",
       "    </tr>\n",
       "  </tbody>\n",
       "</table>\n",
       "</div>"
      ],
      "text/plain": [
       "                  SUBDIVISION      YEAR       JAN       FEB       MAR   \n",
       "SUBDIVISION          1.000000  0.156063 -0.061913 -0.049992 -0.085761  \\\n",
       "YEAR                 0.156063  1.000000 -0.225531  0.003879 -0.012842   \n",
       "JAN                 -0.061913 -0.225531  1.000000  0.019613  0.078626   \n",
       "FEB                 -0.049992  0.003879  0.019613  1.000000  0.245375   \n",
       "MAR                 -0.085761 -0.012842  0.078626  0.245375  1.000000   \n",
       "APR                 -0.138809  0.086865  0.034807  0.123706  0.074014   \n",
       "MAY                 -0.034700 -0.059661  0.071420 -0.083500 -0.102961   \n",
       "JUN                 -0.076356 -0.174938  0.189375  0.054114  0.019000   \n",
       "JUL                 -0.153513 -0.223403  0.034423  0.005789  0.018330   \n",
       "AUG                  0.051749  0.044173  0.008677  0.023259  0.042411   \n",
       "SEP                 -0.027958  0.107655 -0.113502  0.066317  0.143850   \n",
       "OCT                 -0.099881 -0.030223 -0.035044  0.053133 -0.023066   \n",
       "NOV                 -0.077903 -0.130129 -0.011034 -0.162880 -0.032612   \n",
       "DEC                 -0.004833 -0.123643 -0.089809 -0.127025  0.026292   \n",
       " ANNUAL RAINFALL    -0.165970 -0.198048  0.118648  0.061457  0.116103   \n",
       "FLOODS              -0.094030 -0.202548  0.145313 -0.035730  0.086739   \n",
       "\n",
       "                       APR       MAY       JUN       JUL       AUG       SEP   \n",
       "SUBDIVISION      -0.138809 -0.034700 -0.076356 -0.153513  0.051749 -0.027958  \\\n",
       "YEAR              0.086865 -0.059661 -0.174938 -0.223403  0.044173  0.107655   \n",
       "JAN               0.034807  0.071420  0.189375  0.034423  0.008677 -0.113502   \n",
       "FEB               0.123706 -0.083500  0.054114  0.005789  0.023259  0.066317   \n",
       "MAR               0.074014 -0.102961  0.019000  0.018330  0.042411  0.143850   \n",
       "APR               1.000000 -0.114566  0.072990  0.014977 -0.047842  0.012928   \n",
       "MAY              -0.114566  1.000000  0.001235 -0.046518 -0.124412  0.116860   \n",
       "JUN               0.072990  0.001235  1.000000  0.094939 -0.014549 -0.052634   \n",
       "JUL               0.014977 -0.046518  0.094939  1.000000  0.154467  0.209441   \n",
       "AUG              -0.047842 -0.124412 -0.014549  0.154467  1.000000  0.098215   \n",
       "SEP               0.012928  0.116860 -0.052634  0.209441  0.098215  1.000000   \n",
       "OCT               0.113172  0.197102  0.001156  0.025223 -0.181496 -0.032348   \n",
       "NOV               0.022206  0.094934  0.015967 -0.028526 -0.112729 -0.027615   \n",
       "DEC              -0.110392 -0.118077 -0.085188 -0.013573  0.142090 -0.011007   \n",
       " ANNUAL RAINFALL  0.112358  0.314723  0.453407  0.651990  0.413036  0.428344   \n",
       "FLOODS            0.034392  0.242813  0.442531  0.442774  0.286690  0.376385   \n",
       "\n",
       "                       OCT       NOV       DEC   ANNUAL RAINFALL    FLOODS  \n",
       "SUBDIVISION      -0.099881 -0.077903 -0.004833         -0.165970 -0.094030  \n",
       "YEAR             -0.030223 -0.130129 -0.123643         -0.198048 -0.202548  \n",
       "JAN              -0.035044 -0.011034 -0.089809          0.118648  0.145313  \n",
       "FEB               0.053133 -0.162880 -0.127025          0.061457 -0.035730  \n",
       "MAR              -0.023066 -0.032612  0.026292          0.116103  0.086739  \n",
       "APR               0.113172  0.022206 -0.110392          0.112358  0.034392  \n",
       "MAY               0.197102  0.094934 -0.118077          0.314723  0.242813  \n",
       "JUN               0.001156  0.015967 -0.085188          0.453407  0.442531  \n",
       "JUL               0.025223 -0.028526 -0.013573          0.651990  0.442774  \n",
       "AUG              -0.181496 -0.112729  0.142090          0.413036  0.286690  \n",
       "SEP              -0.032348 -0.027615 -0.011007          0.428344  0.376385  \n",
       "OCT               1.000000 -0.024060 -0.039067          0.205861  0.060088  \n",
       "NOV              -0.024060  1.000000  0.070720          0.148783  0.238852  \n",
       "DEC              -0.039067  0.070720  1.000000          0.042967  0.054326  \n",
       " ANNUAL RAINFALL  0.205861  0.148783  0.042967          1.000000  0.776231  \n",
       "FLOODS            0.060088  0.238852  0.054326          0.776231  1.000000  "
      ]
     },
     "execution_count": 11,
     "metadata": {},
     "output_type": "execute_result"
    }
   ],
   "source": [
    "for feature in df.columns:           # to change the object data type into categorial type\n",
    "    if df[feature].dtype == 'object': \n",
    "        df[feature] = pd.Categorical(df[feature]).codes\n",
    "df.corr()  # shows correlation among different variables in the dataset"
   ]
  },
  {
   "cell_type": "markdown",
   "metadata": {},
   "source": [
    "> The closer to 1, the stronger the correlation between these variables"
   ]
  },
  {
   "cell_type": "code",
   "execution_count": 14,
   "metadata": {},
   "outputs": [
    {
     "data": {
      "text/html": [
       "<div>\n",
       "<style scoped>\n",
       "    .dataframe tbody tr th:only-of-type {\n",
       "        vertical-align: middle;\n",
       "    }\n",
       "\n",
       "    .dataframe tbody tr th {\n",
       "        vertical-align: top;\n",
       "    }\n",
       "\n",
       "    .dataframe thead th {\n",
       "        text-align: right;\n",
       "    }\n",
       "</style>\n",
       "<table border=\"1\" class=\"dataframe\">\n",
       "  <thead>\n",
       "    <tr style=\"text-align: right;\">\n",
       "      <th></th>\n",
       "      <th>SUBDIVISION</th>\n",
       "      <th>YEAR</th>\n",
       "      <th>JAN</th>\n",
       "      <th>FEB</th>\n",
       "      <th>MAR</th>\n",
       "      <th>APR</th>\n",
       "      <th>MAY</th>\n",
       "      <th>JUN</th>\n",
       "      <th>JUL</th>\n",
       "      <th>AUG</th>\n",
       "      <th>SEP</th>\n",
       "      <th>OCT</th>\n",
       "      <th>NOV</th>\n",
       "      <th>DEC</th>\n",
       "      <th>ANNUAL RAINFALL</th>\n",
       "      <th>FLOODS</th>\n",
       "    </tr>\n",
       "  </thead>\n",
       "  <tbody>\n",
       "    <tr>\n",
       "      <th>0</th>\n",
       "      <td>0</td>\n",
       "      <td>1901</td>\n",
       "      <td>28.7</td>\n",
       "      <td>44.7</td>\n",
       "      <td>51.6</td>\n",
       "      <td>160.0</td>\n",
       "      <td>174.7</td>\n",
       "      <td>824.6</td>\n",
       "      <td>743.0</td>\n",
       "      <td>357.5</td>\n",
       "      <td>197.7</td>\n",
       "      <td>266.9</td>\n",
       "      <td>350.8</td>\n",
       "      <td>48.4</td>\n",
       "      <td>3248.6</td>\n",
       "      <td>1</td>\n",
       "    </tr>\n",
       "    <tr>\n",
       "      <th>1</th>\n",
       "      <td>0</td>\n",
       "      <td>1902</td>\n",
       "      <td>6.7</td>\n",
       "      <td>2.6</td>\n",
       "      <td>57.3</td>\n",
       "      <td>83.9</td>\n",
       "      <td>134.5</td>\n",
       "      <td>390.9</td>\n",
       "      <td>1205.0</td>\n",
       "      <td>315.8</td>\n",
       "      <td>491.6</td>\n",
       "      <td>358.4</td>\n",
       "      <td>158.3</td>\n",
       "      <td>121.5</td>\n",
       "      <td>3326.6</td>\n",
       "      <td>1</td>\n",
       "    </tr>\n",
       "    <tr>\n",
       "      <th>2</th>\n",
       "      <td>0</td>\n",
       "      <td>1903</td>\n",
       "      <td>3.2</td>\n",
       "      <td>18.6</td>\n",
       "      <td>3.1</td>\n",
       "      <td>83.6</td>\n",
       "      <td>249.7</td>\n",
       "      <td>558.6</td>\n",
       "      <td>1022.5</td>\n",
       "      <td>420.2</td>\n",
       "      <td>341.8</td>\n",
       "      <td>354.1</td>\n",
       "      <td>157.0</td>\n",
       "      <td>59.0</td>\n",
       "      <td>3271.2</td>\n",
       "      <td>1</td>\n",
       "    </tr>\n",
       "    <tr>\n",
       "      <th>3</th>\n",
       "      <td>0</td>\n",
       "      <td>1904</td>\n",
       "      <td>23.7</td>\n",
       "      <td>3.0</td>\n",
       "      <td>32.2</td>\n",
       "      <td>71.5</td>\n",
       "      <td>235.7</td>\n",
       "      <td>1098.2</td>\n",
       "      <td>725.5</td>\n",
       "      <td>351.8</td>\n",
       "      <td>222.7</td>\n",
       "      <td>328.1</td>\n",
       "      <td>33.9</td>\n",
       "      <td>3.3</td>\n",
       "      <td>3129.7</td>\n",
       "      <td>1</td>\n",
       "    </tr>\n",
       "    <tr>\n",
       "      <th>4</th>\n",
       "      <td>0</td>\n",
       "      <td>1905</td>\n",
       "      <td>1.2</td>\n",
       "      <td>22.3</td>\n",
       "      <td>9.4</td>\n",
       "      <td>105.9</td>\n",
       "      <td>263.3</td>\n",
       "      <td>850.2</td>\n",
       "      <td>520.5</td>\n",
       "      <td>293.6</td>\n",
       "      <td>217.2</td>\n",
       "      <td>383.5</td>\n",
       "      <td>74.4</td>\n",
       "      <td>0.2</td>\n",
       "      <td>2741.6</td>\n",
       "      <td>0</td>\n",
       "    </tr>\n",
       "  </tbody>\n",
       "</table>\n",
       "</div>"
      ],
      "text/plain": [
       "   SUBDIVISION  YEAR   JAN   FEB   MAR    APR    MAY     JUN     JUL    AUG   \n",
       "0            0  1901  28.7  44.7  51.6  160.0  174.7   824.6   743.0  357.5  \\\n",
       "1            0  1902   6.7   2.6  57.3   83.9  134.5   390.9  1205.0  315.8   \n",
       "2            0  1903   3.2  18.6   3.1   83.6  249.7   558.6  1022.5  420.2   \n",
       "3            0  1904  23.7   3.0  32.2   71.5  235.7  1098.2   725.5  351.8   \n",
       "4            0  1905   1.2  22.3   9.4  105.9  263.3   850.2   520.5  293.6   \n",
       "\n",
       "     SEP    OCT    NOV    DEC   ANNUAL RAINFALL  FLOODS  \n",
       "0  197.7  266.9  350.8   48.4            3248.6       1  \n",
       "1  491.6  358.4  158.3  121.5            3326.6       1  \n",
       "2  341.8  354.1  157.0   59.0            3271.2       1  \n",
       "3  222.7  328.1   33.9    3.3            3129.7       1  \n",
       "4  217.2  383.5   74.4    0.2            2741.6       0  "
      ]
     },
     "execution_count": 14,
     "metadata": {},
     "output_type": "execute_result"
    }
   ],
   "source": [
    "df[\"FLOODS\"].replace([\"YES\", \"NO\"], [1, 0], inplace=True)   #inplace here avoids creating a new dataframe\n",
    "df.head(5)"
   ]
  },
  {
   "cell_type": "markdown",
   "metadata": {},
   "source": [
    "### Feature selection\n",
    "\n",
    "Choosing the features that have most contribution on the target output."
   ]
  },
  {
   "cell_type": "code",
   "execution_count": 18,
   "metadata": {},
   "outputs": [],
   "source": [
